v325.18,-25.25,12.06,5,3,-155.34,0v339.49,-24.86,10.96,3,3,167.32,0v348.23,-24.86,10.17,4,3,159.13,0v316.10,-22.58,21.65,4,3,-111.89,0v361.07,-27.54,-10.22,3,3,-153.97,0v346.71,-24.06,-10.90,3,3,-156.29,0v343.61,-24.06,-14.59,3,3,115.13,0v335.39,-24.06,-12.95,5,4,-155.39,0v328.12,-24.70,-4.68,3,3,-158.02,0v320.28,-24.70,-4.78,7,3,-159.62,0
0v352.50,-24.70,-2.38,9,4,59.63,0v334.34,-24.70,1.62,8,3,-67.16,0v321.64,-23.74,-29.98,5,3,-156.32,0v333.19,-23.74,-34.07,6,4,136.22,0v337.29,-23.80,-27.03,3,3,113.55,1,3,3v346.62,-23.80,-30.79,3,3,115.43,1,3,3v358.98,-27.80,-22.81,3,3,23.68,0v327.04,-23.74,-51.14,6,4,102.90,0v321.74,-23.74,-42.89,5,4,26.09,0v306.50,-23.74,-54.58,7,4,22.59,0
0v306.37,-24.45,-64.97,3,3,24.73,0v306.74,-24.45,-65.50,8,3,-57.42,0v320.92,-24.45,-62.56,6,4,24.43,0v334.27,-23.61,-60.32,3,3,115.55,1,3,3v325.87,-24.00,-53.76,3,3,-63.67,1,3,3v324.23,-24.45,-73.04,3,3,23.38,0v320.50,-24.45,-70.10,3,3,114.00,0v333.80,-27.73,-83.69,3,3,27.75,0v309.54,-25.16,-91.52,4,3,72.85,0v301.97,-25.16,-85.46,3,3,63.15,0
0v294.09,-25.16,-75.28,6,4,25.72,0v280.07,-22.38,-72.59,4,3,-23.68,0v349.64,-25.48,-54.32,4,3,118.14,1,4,5v352.70,-25.93,-47.02,4,3,114.03,1,4,5v358.21,-26.25,-41.87,4,3,-155.96,1,4,5v354.76,-26.06,-59.69,4,3,21.24,1,4,5v108.79,60.16,-155.36,9,4,91.08,0v109.20,60.16,-169.51,10,3,90.73,0v106.80,60.36,-157.06,7,3,2.43,0v97.55,60.36,-158.04,8,3,-13.92,0
0v71.08,58.55,-163.17,19,4,177.02,0v75.92,57.91,-175.89,4,5,-87.31,0v75.42,58.17,-181.72,4,4,-88.31,1,25,12v60.00,60.23,-180.69,3,3,4.10,0v55.65,60.23,-173.09,3,3,91.71,0v71.18,58.29,-168.64,3,5,179.86,0v90.93,60.42,-154.97,3,5,-88.69,0v91.05,60.42,-146.75,4,4,-89.00,0v70.64,59.84,-140.98,4,3,-91.65,1,10,12v70.59,60.29,-154.88,4,4,-88.04,0
0v55.30,60.29,-141.42,3,3,-90.55,1,3,4v54.10,60.23,-149.20,4,4,-87.95,0v54.29,60.23,-161.83,7,3,-101.52,0v40.52,60.23,-173.05,5,4,-83.74,1,17,14v41.01,60.29,-164.82,6,4,-85.14,0v41.94,60.29,-157.73,6,4,-86.79,0v41.29,60.29,-151.51,5,5,-86.79,0v46.94,60.68,-148.63,3,3,6.34,1,3,4v39.67,61.32,-146.99,3,3,92.95,0v17.65,61.32,-144.21,3,3,-87.87,0
0v14.49,60.42,-172.64,4,3,-81.91,1,19,18v15.21,60.36,-169.46,5,3,93.46,0v15.16,60.36,-162.34,5,3,94.31,0v15.61,60.36,-155.50,6,5,92.97,0v12.98,59.84,-148.66,3,3,2.22,1,3,4v1.29,60.55,-143.90,3,3,96.27,0v-11.99,60.16,-140.83,4,3,-92.11,1,13,18v-13.45,60.36,-154.93,4,3,-89.78,0v1.39,60.36,-170.31,3,3,-84.08,0v-0.20,60.36,-180.61,3,3,5.10,0
0v-18.84,58.23,-179.19,3,4,89.78,0v-17.52,58.42,-181.88,4,4,-88.91,1,15,18v-32.93,58.68,-162.65,21,4,178.77,0v-33.45,59.97,-158.60,4,4,88.82,0v-33.65,60.74,-150.15,4,3,91.67,0v-34.03,60.74,-159.24,6,3,18.18,0v-43.61,60.74,-157.48,6,3,4.22,0v-51.96,60.74,-169.97,8,3,97.05,0v-52.08,60.74,-154.26,9,3,93.30,0v-16.72,58.36,-168.81,3,3,179.06,0
v-156.78,-4.14,-64.44,4,3,55.16,0v-180.67,-4.78,-69.79,6,3,-113.02,0v-162.40,4.63,-35.98,7,3,-32.26,0v-165.83,-4.78,-58.10,12,4,-31.53,0v-188.11,4.69,-53.36,3,3,-40.10,0v-174.67,-1.11,-45.97,4,4,49.07,0v-181.41,-1.17,-42.66,3,3,45.14,1,3,3v-177.68,-0.85,-34.68,3,3,-134.51,1,3,3v-179.36,0.63,-10.88,5,3,-44.71,0v-182.57,0.63,-34.43,7,3,50.84,1,7,4
0v-188.57,1.08,-28.39,3,3,43.23,1,3,3v-189.20,1.08,-16.84,3,3,135.69,1,3,3v-196.25,4.56,-44.16,3,3,-126.80,0v-175.68,5.21,-36.93,3,3,46.28,0v-189.32,1.15,-5.87,6,3,-41.17,0v-200.22,1.15,-11.15,4,3,46.49,0v-201.37,1.15,-1.11,5,3,134.88,0v-206.53,1.08,4.85,3,3,-41.64,1,3,3v-218.27,0.95,1.34,3,3,45.03,1,3,3v-196.49,-1.30,-53.49,3,3,-133.64,0
0v-200.60,0.95,-43.33,3,3,46.30,0v-202.51,0.82,-37.20,3,3,138.60,0v-212.28,-0.34,-41.25,4,3,48.21,1,4,4v-221.73,0.18,-31.76,3,3,47.46,1,3,3v-230.67,-0.72,-22.58,3,3,46.51,1,3,4v-225.61,1.02,-25.59,4,3,139.16,1,4,3v-216.92,-0.34,-22.76,3,3,-133.58,1,3,3v-215.48,0.44,-30.48,4,3,-41.01,1,4,4v-195.45,1.02,-31.02,6,3,50.58,0v-219.55,1.02,-7.18,6,3,43.36,0
0v-227.08,0.89,-8.75,3,3,-45.14,0v-232.89,0.89,-10.46,3,3,47.12,0v-247.40,-1.17,-2.41,3,3,-133.66,0v-253.02,-4.27,33.30,4,3,39.38,0v-256.73,-5.18,16.88,16,5,128.77,0v-268.00,-5.18,13.64,8,3,-156.52,0v-247.29,4.79,1.61,3,3,137.34,0v-238.01,4.79,-1.91,3,2,-131.43,0v-226.16,4.79,14.69,3,3,49.41,0v-228.70,4.79,29.46,5,3,-56.33,0
0v-228.39,-1.02,16.38,3,3,-138.25,1,3,3v-234.20,-1.02,10.56,3,3,-136.36,1,3,3v-234.52,-0.95,15.29,4,3,50.86,0v-206.28,0.79,9.99,5,3,137.20,0v-221.75,0.53,6.34,6,3,4